time,x,y,z,phi,theta,psi,x_velocity,y_velocity,z_velocity,phi_velocity,theta_velocity,psi_velocity,rotor_speed1,rotor_speed2,rotor_speed3,rotor_speed4
0.06,-4.02343281678e-06,10.0000050657,10.0080571005,0.000879272034725,0.00100234846838,0.0,-0.000248895994103,0.000295149067074,0.268544969768,-0.0115417336266,0.00983281063391,0.0,487.2889474567243,488.02324254880745,487.68656851709846,486.8239416128337
0.12000000000000001,-9.58951746188e-05,10.0000741035,10.0268776687,0.0102803885059,0.01664931467,0.0,-0.00434556986901,0.00291756077338,0.358769788009,0.0220817733556,0.0511565895462,0.0,432.6227120831499,436.0879223676677,431.9979296354771,434.8234042433004
0.18,-0.00070078380317,10.0004657043,10.0506595749,0.0137214251284,0.020150027098,0.0,-0.0161552029116,0.0104592952003,0.433924531617,0.0368621380773,0.05725003152,0.0,428.7033639870711,429.2226983299614,428.69396422511954,429.9480520571525
0.23999999999999996,-0.00219858153641,10.0014535122,10.0841475655,0.0169001914927,0.024751879244,0.0,-0.0343558289148,0.0228747789299,0.682207411709,0.0248229350099,0.0441559219435,0.0,482.72283349907036,481.7354853251542,482.17453133419946,481.26462639705795
0.3,-0.00474965993025,10.0031959248,10.1256098999,0.0347307217536,0.0369392604034,0.0,-0.0517456375135,0.0368467918418,0.699790514201,-0.020675812993,0.0768082765189,0.0,409.9236955308657,412.8170487515697,411.74669752707905,407.70221351534184
0.36000000000000004,-0.00866444181699,10.0061500479,10.1711810006,0.0363524782656,0.0433785609695,0.0,-0.0794057205817,0.0617719825316,0.819135072311,-0.00330391213107,0.0904784673796,0.0,444.2049606492171,445.32976939904376,442.1671184071488,443.5958284217775
0.4200000000000001,-0.0141699166953,10.010459631,10.219266818,0.0363300474469,0.0497465555698,0.0,-0.104643660282,0.0818756885981,0.783725217473,0.000243386301345,0.0785935526175,0.0,393.2963010202769,392.2014129424221,392.34999953837644,392.6792023417283
0.48000000000000015,-0.0213431583353,10.0160169567,10.2660758801,0.0393790591681,0.0578728775348,0.0,-0.135149424424,0.103646925735,0.776533269688,-0.0200764495023,0.0976593973702,0.0,401.89539615452776,403.626313520454,403.2042221000089,401.36456991625397
0.5400000000000001,-0.0309057245499,10.023214883,10.3196064831,0.041950948627,0.0637411053856,0.0,-0.18430967182,0.136562175337,1.00758545787,4.52877077062e-05,0.0948836180387,0.0,476.5399882858055,476.33509953889836,478.6882162955548,480.21687336016987
0.6000000000000002,-0.0434900392533,10.0323946522,10.3858235407,0.0425689436971,0.0702066687029,0.0,-0.23591751351,0.169501926111,1.19940738278,-0.0098306723372,0.0839801116327,0.0,467.43125592807064,466.58744672615614,467.1659684281414,466.3954152404407
0.6600000000000003,-0.0590025005295,10.0433671356,10.4590302798,0.0419780550252,0.0778847327833,0.0,-0.281864715557,0.196186803801,1.24071771056,-0.00988428667754,0.100616364053,0.0,419.35796530257494,420.80762927460273,420.1582840507255,420.15375381952964
0.7200000000000003,-0.0775513316999,10.0560125343,10.5364324269,0.0446586959979,0.0845062491291,0.0,-0.337090189766,0.2255715642,1.33916904401,0.0087723342109,0.107876535733,0.0,438.9826778435392,439.59401686131554,437.77012065634153,439.31968131254115
0.7800000000000004,-0.0998858523877,10.0706105947,10.6228715212,0.0454029193708,0.104901358728,0.0,-0.409814123275,0.261101206763,1.54163453687,0.00232013341234,0.0657840996418,0.0,472.75152554832727,469.50438414942107,471.8088967807461,471.3104239999093
0.8400000000000004,-0.126698970946,10.0872247662,10.7186015677,0.0455376110712,0.110165162655,0.0,-0.484475905679,0.292706348485,1.6491421799,0.00206776962184,0.0772111052273,0.0,443.26314419896744,444.20482939670825,442.74177051514465,442.720961643506
0.9000000000000005,-0.158213049139,10.1057811596,10.8217383908,0.0456607618686,0.115519096414,0.0,-0.566563872129,0.325837451301,1.78845373262,0.00202109039652,0.0666301880786,0.0,454.45446847875496,453.60974334031545,453.30062178691344,453.29682754211706
0.9600000000000005,-0.194608258589,10.1262877014,10.9318743513,0.0520491164373,0.119626107854,0.0,-0.647018903633,0.358321021571,1.88248836786,0.0282708720692,0.0616160137133,0.0,440.6098570732616,440.19830169139135,438.74141444444183,440.9152294397411
1.0200000000000005,-0.236130741085,10.14897382,11.0494121107,0.059064261107,0.123525720233,0.0,-0.737463396575,0.398661576601,2.03504574308,0.00177837482402,0.0654909810758,0.0,458.8051474758815,459.1154092545462,460.00372639239885,457.9011614028547
1.0800000000000005,-0.282212187099,10.1737659887,11.1684228991,0.0647687319848,0.128040309703,0.0,-0.798937996707,0.428141194057,1.93207668399,0.0265239316768,0.0727555885182,0.0,373.4596763736186,374.17199273178113,372.1546109298501,374.56879153287946
1.1400000000000006,-0.332557116795,10.2006518114,11.2851257995,0.0663516710414,0.132921581803,0.0,-0.879684899844,0.468184203009,1.95787490767,0.025972397489,0.0635956759131,0.0,419.81159298276833,419.0201007112559,418.7457480488209,418.6979610594623
1.2000000000000006,-0.387967080029,10.2300341385,11.404332432,0.0685505796437,0.136901533133,0.0,-0.967691589421,0.511412249591,2.01547569595,0.0336214516353,0.0669937891019,0.0,430.6389586054052,430.9295135917376,428.7590728325459,429.40866671283226
1.2600000000000007,-0.449065673642,10.2622188489,11.5293031183,0.0727293268356,0.141800675866,0.0,-1.06944448949,0.561811827494,2.1498084347,0.0485710404394,0.0554501681124,0.0,454.76006111778116,453.83731892640475,454.79536083922665,455.9918272116057
1.3200000000000007,-0.516374756591,10.2975321371,11.662278926,0.0816652934615,0.146896118576,0.0,-1.17469852969,0.61619070917,2.28224653815,0.0742787964187,0.0688666806906,0.0,454.8951050439769,455.97060995732284,453.8509260121616,455.91173482751293
1.3800000000000008,-0.589977106663,10.3362054075,11.8022316675,0.0861681618575,0.15234259727,0.0,-1.27926845495,0.673339502434,2.38244472772,0.0757199230426,0.0550497106534,0.0,446.737968353396,445.612968671273,445.8922185375431,446.0142892419647
1.4400000000000008,-0.670234572298,10.3785518456,11.9499042796,0.0914807538424,0.15667601234,0.0,-1.39641268952,0.738734557023,2.53942463243,0.0842028649185,0.065033855262,0.0,464.3913385760235,465.1760305186425,463.9995642641362,464.6696745309612
1.5000000000000009,-0.75751866583,10.4248778365,12.1063022933,0.0969609925235,0.161185964207,0.0,-1.51350156959,0.806007691388,2.6733063584,0.0757353656558,0.0724584960664,0.0,457.94565831327606,458.53912732095193,459.3895471018596,458.7227752982575
1.560000000000001,-0.85125460963,10.4749463879,12.2665755565,0.101527691224,0.165522767916,0.0,-1.61143290359,0.863319338752,2.66896719837,0.0724976707202,0.0716534506481,0.0,414.4256519365034,414.3593224086012,415.56095996135616,415.2818442192063
1.620000000000001,-0.951538420758,10.5288940803,12.4299410495,0.110912300998,0.17416187176,0.0,-1.73224779418,0.935814489251,2.77590343218,0.0959063375944,0.0476007533067,0.0,452.328097078804,450.3898477009788,451.4954739546779,453.38526901124396
1.680000000000001,-1.05947583946,10.5875375732,12.6009975204,0.120845541072,0.177965673725,0.0,-1.86604932361,1.02000243302,2.92524945159,0.0722802576736,0.0356687264691,0.0,467.1784881857074,466.24816605065337,466.9918415749678,465.1513616245302
1.740000000000001,-1.17556546923,10.6514513703,12.7811724215,0.126199754082,0.18044587553,0.0,-2.00383776642,1.11094516736,3.07989231451,0.0821941465357,0.0279685852665,0.0,468.8667498381756,468.26849214867235,469.9703413343044,470.7422966588753
1.8000000000000012,-1.29868341933,10.7200441825,12.9635031929,0.136921076343,0.183828095412,0.0,-2.10043757649,1.17626424338,2.99776485548,0.107379208083,0.0124181318622,0.0,392.1920311219353,390.7450681081707,392.3142349699867,394.6540052844685
1.8600000000000012,-1.42880332206,10.7935579488,13.1470024861,0.143848878127,0.184614812685,0.0,-2.23694679076,1.27484205772,3.11826444408,0.0984553607467,0.0137549570043,0.0,460.74691922690437,460.8524747106257,460.78470310042013,460.08777854201594
1.9200000000000013,-1.56771180813,10.8735632558,13.340711564,0.149780300029,0.18542813685,0.0,-2.39334588677,1.39256147947,3.33773401459,0.099336449738,0.0124979706683,0.0,492.529295874038,492.43618334434836,490.917899069181,490.99064130396243
1.9800000000000013,-1.71430805471,10.9593909714,13.538448006,0.157596286203,0.186253949647,0.0,-2.49336168104,1.4689552518,3.25351030911,0.083164633976,0.00804955031342,0.0,396.0955681582404,395.6861128841593,395.76737927981145,394.2846820474511
2.0400000000000014,-1.86845813003,11.0511834853,13.7390921291,0.162752508765,0.187346453529,0.0,-2.64502367668,1.59123267856,3.43373698954,0.0773378457551,0.0154857392592,0.0,481.77300584467093,482.3348246187115,482.4658127499802,482.03042989701345
2.1000000000000014,-2.03140349002,11.1501071936,13.9485321703,0.1705580128,0.196995194675,0.0,-2.78746879998,1.70688724659,3.54660620235,0.0566113105544,-0.0180838384859,0.0,464.89072178993956,462.25265770791594,464.6097142447738,462.985325733084
2.1600000000000015,-2.20343728824,11.2563709409,14.1662279247,0.173970389295,0.209490673637,0.0,-2.94822841506,1.83538061036,3.70869142045,0.053587669303,0.0211030785402,0.0,478.99407107140064,481.9652059235568,481.2478835591226,481.02077632320146
2.2200000000000015,-2.38367870163,11.3690415128,14.3857570018,0.183279113129,0.210756702104,0.0,-3.06004515364,1.92099286606,3.60895395086,0.0253198007616,0.0210952411987,0.0,396.7921224211108,396.79145544766726,398.0878641259261,395.4938429764014
2.2800000000000016,-2.57091970058,11.4871575435,14.600369038,0.184787537935,0.21680911535,0.0,-3.18187291764,2.01625737888,3.54466223116,0.0237341205146,0.0438918600516,0.0,408.78808317077414,410.8150609102928,409.354446353542,409.2134520991809
2.3400000000000016,-2.76638443706,11.6116849439,14.814686227,0.190556947012,0.219641836555,0.0,-3.33390256111,2.13503732253,3.59861427865,0.0454006262479,0.0376571870349,0.0,451.2823243531941,450.7796529136408,447.9934801640037,449.75228806216245
2.4000000000000017,-2.97126808428,11.7436094381,15.033144868,0.193290534764,0.223743989055,0.0,-3.49595610511,2.26252226201,3.68257885905,0.0458086744604,0.0215383563017,0.0,461.3886023070779,460.11448994656774,461.1185005700311,461.15186218409946
2.4600000000000017,-3.18531806816,11.8826721588,15.2537938445,0.196971045348,0.225550615564,0.0,-3.63927352715,2.37309702422,3.67206653476,0.055251681073,0.0282855389067,0.0,431.46553847881194,432.0349589355067,431.06832291633043,431.8672242809162
2.520000000000002,-3.40841962068,12.0287553222,15.4754585496,0.200995679258,0.22823664398,0.0,-3.79771375738,2.49655668188,3.71614167377,0.0447462991321,0.0380447635759,0.0,450.29721484434725,451.08643757111344,450.73640469295503,449.8881904864819
2.580000000000002,-3.64046273933,12.1817430522,15.6970079274,0.203694936037,0.232109090249,0.0,-3.93749462639,2.6031408916,3.66860218253,0.0417633537476,0.0229805586177,0.0,422.60252704769425,421.30235746358665,420.3110097745505,420.0535665177697
2.640000000000002,-3.88143653416,12.341528197,15.9174904224,0.206872956226,0.239612498758,0.0,-4.09568927633,2.723120472,3.68015142162,0.0315018765992,-0.0053559532375,0.0,443.29160391853014,440.95657563680646,441.9840488001188,441.13813944593096
2.700000000000002,-4.13255788547,12.5089356877,16.140496923,0.208751355548,0.252468339018,0.0,-4.27624706932,2.85699185571,3.75223746004,0.0301153012865,-0.0463392228933,0.0,465.2663738181073,462.0460690862214,462.66474049174855,462.5558327775471
2.760000000000002,-4.39471996609,12.6843696653,16.3676927925,0.210998163773,0.250282433447,0.0,-4.46232819737,2.99082410528,3.82034437343,0.0215512790506,-0.0560702902812,0.0,463.8848567219993,463.1185494119659,464.7152566916174,464.04353139322757
2.820000000000002,-4.66725925869,12.8672140014,16.5959722446,0.21266849905,0.247574136,0.0,-4.62226791329,3.10400373141,3.78885479242,0.0271857483105,-0.0483178818482,0.0,432.28641206917786,432.93731815660334,431.92331221255756,432.39839533286965
2.880000000000002,-4.94956252045,13.0569917825,16.8229187842,0.217712182152,0.252922961095,0.0,-4.7883553408,3.22217116846,3.7754277216,0.00571390716748,-0.0180349392403,0.0,437.3832802730809,439.89774273568435,440.4236799428795,438.6438933690409
2.940000000000002,-5.24220552025,13.2541266395,17.0499994087,0.218984475729,0.252681064785,0.0,-4.9665145178,3.34890733771,3.79345858008,-0.00611500191126,-0.0293475951243,0.0,451.63797619732645,450.72446826100116,450.7342620253218,449.7770852888121
3.000000000000002,-5.54505331392,13.4584541092,17.2761740769,0.230081013982,0.251012520425,0.0,-5.12846692602,3.4627527682,3.74533412563,0.0297936769189,-0.0270096932328,0.0,429.49410599683216,429.69212571453215,428.1198447503892,431.16487880440735
3.0600000000000023,-5.85839346743,13.6704098509,17.5022446373,0.231858726378,0.253101919719,0.0,-5.3164549527,3.60232104203,3.78962376285,0.0280922172069,-0.00707595303113,0.0,460.1717539166114,461.7472645939784,461.5656927853136,461.4315891703682
3.1200000000000023,-6.18271201855,13.8904122387,17.7295116754,0.235593049264,0.252712173305,0.0,-5.49429411351,3.73121600768,3.78547083435,0.0111665168772,-0.0106460112714,0.0,446.7313741253938,446.4402382179652,448.0208276612575,446.6423372261895
3.1800000000000024,-6.51889125297,14.1191868691,17.9606975311,0.237266200257,0.260771908384,0.0,-5.71239589506,3.8943003143,3.91918325512,-0.00107062361669,0.020484503422,0.0,490.74948974414195,493.05516398116316,492.433245389513,491.52694353562174
3.2400000000000024,-6.8674924298,14.3569778511,18.1967092102,0.237769148368,0.263083773694,0.0,-5.9079535216,4.031803421,3.94716558754,-0.0106073716647,0.0307463311691,0.0,461.1961053464829,462.0061168215859,462.5466966943149,461.7949683829388
3.3000000000000025,-7.22768235322,14.6027607959,18.4334379547,0.237208602418,0.271077291387,0.0,-6.09913207598,4.16056455839,3.94301249769,-0.0150550870855,0.056735995451,0.0,452.71816157537074,454.8057771284102,452.61884921631474,452.2608040769406
3.3600000000000025,-7.5992069748,14.856002479,18.6687620441,0.252253108804,0.275298839873,0.0,-6.28547806078,4.28183485643,3.90013410958,-0.060017970332,0.0455593505854,0.0,441.59619956987314,440.67494878765757,445.15938652163277,441.4635097798813
3.4200000000000026,-7.9822858629,15.1169083705,18.9022912434,0.251417990443,0.279149617923,0.0,-6.48432875593,4.41460411398,3.88358825649,-0.042960245044,0.0327184038045,0.0,452.8394671539876,451.8060000292242,452.70395437478885,454.0728145130285
3.4800000000000026,-8.37656839512,15.384985649,19.1319302827,0.250498232076,0.281106779003,0.0,-6.65894061184,4.52107081422,3.77108531578,-0.0583161994858,0.0323710075776,0.0,421.4704339249488,421.44086501173285,421.24382758608084,419.9119131605112
3.5400000000000027,-8.78200627592,15.6598659404,19.356679472,0.247254999198,0.290459966528,0.0,-6.85655320955,4.64097513842,3.71994653996,-0.0651848501011,0.0610162476671,0.0,442.01809402465295,444.374051902074,442.2611780903002,441.6923110405293
3.6000000000000028,-9.19964921435,15.941930345,19.5786962434,0.245238054811,0.306329900635,0.0,-7.06616203719,4.76050325481,3.67950349546,-0.0512611066139,0.0981109146903,0.0,446.88826995503615,449.90671471516396,446.9476332097182,448.0786840548049
3.660000000000003,-9.63067605853,16.2314778226,19.7997892171,0.246659431778,0.31329467769,0.0,-7.30208662369,4.89072217523,3.68912296519,-0.0292000925402,0.108347757479,0.0,466.67943185583675,467.4863455548353,465.8781688557961,467.59930210425557
3.720000000000003,-10.0765652775,16.5291938319,20.0229083476,0.248164529367,0.320688765981,0.0,-7.56155532281,5.03270142844,3.74664057146,-0.0105937996852,0.11756953774,0.0,484.4336863661505,485.1366408155097,484.0947928325067,485.4931405491582
3.780000000000003,-10.5356318469,16.8334893235,20.2418183898,0.253106423914,0.328452755464,0.0,-7.74155281382,5.11061118744,3.55025956493,-0.037692574119,0.125675731325,0.0,400.9204334001232,401.6712421933197,401.62073881818736,399.15445935621415
3.840000000000003,-11.0077673494,17.1439960038,20.4548184948,0.25458762526,0.336631237749,0.0,-7.99708102757,5.23918115646,3.54840688276,-0.017666058999,0.115643489349,0.0,469.70605173893944,468.93987772977437,469.261791605135,470.81387996293
3.900000000000003,-11.4947927983,17.4617579254,20.6657572617,0.275060162602,0.347749316265,0.0,-8.23787908522,5.35394507133,3.48095300546,0.0319801953141,0.0920156304681,0.0,452.41534572976946,450.51844817707865,449.490292559262,453.4968890191989
3.960000000000003,-11.9963269317,17.7865109754,20.8720590704,0.277842412456,0.353461899225,0.0,-8.48064099949,5.47092015016,3.39495285396,0.0410295574439,0.0957586048675,0.0,448.65772622225995,448.9688610546082,448.39202945319676,449.1273139161546
4.020000000000002,-12.5126877694,18.1183468119,21.0733248279,0.288530343161,0.359377715157,0.0,-8.73200927754,5.59063325993,3.31262550315,0.00838773875562,0.0898806858653,0.0,452.38184283054187,451.9154425056038,453.7798521512325,451.1515380103737
4.080000000000001,-13.0447932595,18.4577968104,21.2707431262,0.289503227644,0.36794375687,0.0,-9.00565050358,5.7237922489,3.26664415529,0.0147900050791,0.108230664175,0.0,466.6554707565725,468.0934441721414,467.22755530392857,467.7264471090739
4.14,-13.5927022047,18.8045323341,21.4631535842,0.290822930604,0.382488991774,0.0,-9.259114894,5.83349290354,3.14569114999,0.0208917693736,0.0759236373213,0.0,446.1281898761903,443.48982967331335,445.0899222908354,445.58909591877523
4.199999999999998,-14.1554927523,19.157365054,21.646778466,0.294242764646,0.387274005909,0.0,-9.50143962236,5.92743426711,2.97469095932,0.035859515604,0.069338708669,0.0,430.07482328832174,429.5209753676541,428.973211460354,430.24294261996533
4.259999999999997,-14.7335051015,19.5161693837,21.8212113959,0.301920457019,0.395573840056,0.0,-9.76647699561,6.03269178422,2.83850436124,0.00888004901752,0.0458183490762,0.0,445.6859942972526,443.7615872530301,444.2169829356027,441.99856257630455
4.319999999999996,-15.3254360166,19.8797381644,21.9823405204,0.303784105428,0.398439780997,0.0,-9.96578172143,6.0862618489,2.53305293153,-0.0050140597066,0.0406860056279,0.0,380.6363138115483,380.1460887142991,381.98518712534826,380.65730569561265
4.379999999999995,-15.9329229309,20.2489285613,22.1328306502,0.314941988175,0.401232785888,0.0,-10.2842025933,6.22032644264,2.48155328488,-0.0433151495065,0.0460934949271,0.0,474.5162066497035,474.932117399178,476.59068594729814,473.65332942212774
4.439999999999993,-16.5598608638,20.6263088808,22.2803660924,0.312398650802,0.41821393425,0.0,-10.6149401372,6.35767158458,2.4338751792,-0.047363049735,0.00357379883689,0.0,482.8486967420018,479.62967789897095,480.0219157384223,479.7135675629825
4.499999999999992,-17.2059493406,21.0110557785,22.4226553287,0.312675072746,0.419433583563,0.0,-10.9221486533,6.46671586963,2.30839243447,-0.0679444136918,0.0134221983166,0.0,457.2535937493276,458.0376479016965,459.73994800420434,458.10387828878504
4.559999999999991,-17.86955438,21.4014862518,22.5549571491,0.311663809358,0.420655946132,0.0,-11.19916235,6.54721463644,2.1015520429,-0.0883617707635,0.00504698397619,0.0,430.67444035400916,429.9650952694841,431.15622790318696,429.4225150371395
4.6199999999999894,-18.5521324861,21.7981163825,22.6793306339,0.312402657019,0.420967643943,0.0,-11.554090107,6.67315647038,2.04298281074,-0.116512482689,0.00542985677866,0.0,482.95404453475857,482.98283646780936,484.61134981212473,482.4826323204963
4.679999999999988,-19.25622159,22.2021934605,22.8000893617,0.306369537717,0.424243653711,0.0,-11.9164878356,6.79481142474,1.98110497652,-0.128500167219,0.0230836686197,0.0,484.1048239520016,485.4316863950334,485.43428477022536,484.5218253973889
4.739999999999987,-19.981294281,22.6126754951,22.9148708997,0.300731810054,0.426470444056,0.0,-12.2538175307,6.88692414544,1.84428376013,-0.113885924983,0.0117617239508,0.0,462.20435343075997,461.3108351223634,461.62091249497536,462.7598813036557
4.799999999999986,-20.727474714,23.0288826663,23.0225903917,0.295410588404,0.431078454073,0.0,-12.6200469971,6.98546283268,1.74507571572,-0.101563548969,-0.011111179365,0.0,477.32451458518494,475.57513984243525,476.60610273577396,477.5375468482451
4.859999999999984,-21.49398283,23.4495790451,23.1201775655,0.290216950532,0.434287076331,0.0,-12.9318714819,7.03705224541,1.50761582959,-0.113226662539,-0.0339092771942,0.0,431.01050297546266,429.0786313248632,431.07479404764445,430.0775809725445
4.919999999999983,-22.2793764787,23.8731298646,23.2031387766,0.285214164135,0.43637556424,0.0,-13.249695899,7.08068994381,1.25768567321,-0.129135910824,-0.0128337209444,0.0,425.50237535386344,427.3033017281824,426.36210111811926,424.98681291302006
4.979999999999982,-23.0869800127,24.3008339349,23.2767872132,0.279562369935,0.437748593591,0.0,-13.671677238,7.17487528436,1.19582678684,-0.11443058276,0.00204754453196,0.0,492.33294833006266,493.4332120628623,491.83723295160974,492.9131283037466
5.0399999999999805,-23.9190738882,24.7333003717,23.3441898796,0.27302439145,0.437859497163,0.0,-14.0664537362,7.23967672127,1.05016976377,-0.122017616149,0.00077051846875,0.0,468.1794180284917,468.07997828139327,467.39208910230326,466.7886621725897
5.099999999999979,-24.7752309715,25.1694670115,23.4027554467,0.265730481986,0.437939275223,0.0,-14.4739369206,7.29816861684,0.90122710354,-0.121050550112,-0.00276723684114,0.0,468.60071895721285,468.32554245140506,468.0366287731092,468.0993523799002
5.159999999999978,-25.6548765566,25.6081853499,23.4494522373,0.258959992425,0.441447991119,0.0,-14.8497651232,7.3249507772,0.654698918379,-0.130032561436,-0.0250007785445,0.0,436.51757946289416,434.65761596900063,436.3347958759621,435.56969851726933
5.219999999999977,-26.5585857387,26.0489209178,23.4834086757,0.253314487623,0.441293578107,0.0,-15.2760073437,7.36537109568,0.47635635903,-0.115102173043,-0.013436986256,0.0,461.9802327231405,462.8914682198723,460.00691166662995,461.17450543614257
5.279999999999975,-27.4883615415,26.4919498363,23.5065962272,0.25321070617,0.440821606113,0.0,-15.7186176336,7.4017042712,0.29542304887,-0.0877069914445,-0.0210829305235,0.0,463.2426292630016,462.6408928088892,461.70621403815693,463.8539388359063
5.339999999999974,-28.4441618503,26.9365257597,23.5167030433,0.248685772639,0.439707402019,0.0,-16.1440857608,7.41688715772,0.0410191740509,-0.0794238732832,-0.0267026120565,0.0,439.1689349666448,438.70233588866574,439.2139324613809,439.89462327037677
5.399999999999973,-29.4254180609,27.3815577631,23.5101312276,0.244065480289,0.452011516618,0.0,-16.5668726542,7.41657453019,-0.262063040542,-0.0849669632768,0.0129653538741,0.0,422.9255043134721,426.3297685193114,423.21609362868287,422.7328224468623
5.4599999999999715,-30.433056706,27.8266399016,23.4860035079,0.240427446311,0.452989684616,0.0,-17.0240612859,7.41886605824,-0.543130451817,-0.0728768958095,0.0168120770253,0.0,436.24379343787905,436.5648979218745,435.54627467990747,436.55121634134196
5.51999999999997,-31.4698812632,28.2722837419,23.4470721012,0.236216178887,0.456732228872,0.0,-17.5395634507,7.43497361625,-0.756654964634,-0.0786383426197,-0.00254000798001,0.0,463.42944654442294,461.90517663684017,464.1512809435819,463.694614282956
5.579999999999969,-32.5387056285,28.7189325129,23.3958723857,0.231713194142,0.456790981551,0.0,-18.0910266166,7.4524174303,-0.951821252398,-0.0850617759902,0.00143483031249,0.0,474.4309380003384,474.7361583241162,473.7474686418108,473.24831197248665
5.639999999999968,-33.6417937797,29.1666846717,23.3336074601,0.227274390066,0.463571584739,0.0,-18.6815430663,7.47140997777,-1.12697574607,-0.0772495429819,0.0286035086533,0.0,485.2053191944194,487.2413403457256,485.21131201737234,485.79276007700923
5.699999999999966,-34.7773742589,29.6137410135,23.2532490771,0.228824225724,0.465291187781,0.0,-19.1751888717,7.43009588476,-1.55268270149,-0.105719451497,0.0260441891917,0.0,402.9466930929541,402.7154374496385,403.3826837292982,400.79516156046367
5.759999999999965,-35.9457366103,30.0592845339,23.1516184416,0.22894257308,0.467098330419,0.0,-19.7740615455,7.42064063561,-1.8374038623,-0.134791742387,0.0303919748079,0.0,457.86191403462675,458.2079749366241,460.01871510046095,457.6984344295529
5.819999999999964,-37.1498625968,30.5036586645,23.0305109898,0.220912954036,0.470155969717,0.0,-20.3681555064,7.39092776565,-2.20160528236,-0.133096355202,0.0169634252346,0.0,436.0361290839595,434.9125588553962,435.8493694055908,435.974108744047
5.879999999999963,-38.3909482195,30.9462158707,22.8877623405,0.215169833305,0.471514139261,0.0,-21.0064221035,7.3601381152,-2.55895653615,-0.117848450125,0.00926080446222,0.0,445.1105397777114,444.479379524077,441.5861356284071,442.8275960244458
5.939999999999961,-39.6740131863,31.3878666536,22.728143283,0.215328772251,0.472701652514,0.0,-21.7669810716,7.36056336938,-2.76567724156,-0.148528474302,-0.00072913221712,0.0,501.002603498463,500.2753972931787,502.28942800333533,500.0457518656394
5.99999999999996,-41.0015473192,31.8284340192,22.5512144615,0.207569788544,0.472759719569,0.0,-22.4903034754,7.32409208409,-3.13462988733,-0.16155188971,-0.00562469569492,0.0,455.3149959714406,454.9230633632967,454.9992383863322,453.9334893557788
6.059999999999959,-42.3735459128,32.2665346812,22.3511530353,0.198373683165,0.47663852582,0.0,-23.2494463667,7.27819731095,-3.53774580106,-0.17056857986,0.0157007726776,0.0,449.0384244587274,450.76571002920224,450.454602712264,449.69909320275525
6.1199999999999575,-43.7939048093,32.7022160708,22.1288961633,0.188153282042,0.478269702833,0.0,-24.1029266457,7.24327156073,-3.8750917465,-0.170012340199,0.0236732801384,0.0,480.6715490543634,481.2754778712599,482.3334058604583,482.35009557724544
6.179999999999956,-45.2677226435,33.1358255983,21.8869472594,0.177987475944,0.480015565317,0.0,-25.0319633789,7.20902401664,-4.19502834983,-0.173587258991,0.0161095628913,0.0,498.21951084177493,497.6659500542803,497.26729087596016,496.98053276967585
6.239999999999955,-46.7962861327,33.5662343746,21.6198062033,0.1679603879,0.482765299468,0.0,-25.9291771197,7.13707638977,-4.71426479182,-0.181718118624,0.0295866658863,0.0,440.3883306141958,441.50213731686796,442.5381701414698,441.83796747944757
6.299999999999954,-48.3814504329,33.9924319607,21.3221918655,0.160103729402,0.493406428456,0.0,-26.9180218776,7.06815291795,-5.21407423334,-0.20207699237,0.061026185108,0.0,460.30853644974746,462.7916123792534,463.6202727260001,461.9842015585212
6.359999999999952,-50.0260110408,34.4137235492,20.9898057551,0.148353853577,0.49770888191,0.0,-27.9117020731,6.97422241582,-5.87149924184,-0.210091048108,0.0509744820421,0.0,424.36186913199606,423.5002594254195,423.633016142069,422.8995413846008
6.419999999999951,-51.733723767,34.8295700556,20.6188779285,0.135756852971,0.502469910403,0.0,-29.0240393938,6.88649606421,-6.50046504286,-0.212860562219,0.035430323086,0.0,450.8939786585878,449.6371520927237,450.92993197003307,450.6628649948785
6.47999999999995,-53.5116205107,35.240212836,20.2102400283,0.125371744249,0.512226149338,0.0,-30.2513022274,6.80043451369,-7.13156130815,-0.231027478216,0.0645135864361,0.0,469.54923512143637,471.8020403259781,470.9423197659816,469.4898609039772
6.5399999999999485,-55.3646832053,35.6452185922,19.7597241319,0.132137265801,0.521572668647,0.0,-31.5301389811,6.69796212327,-7.89736337308,-0.182462498037,0.0376515166778,0.0,451.2741957217523,449.10182824521166,448.5737587431861,452.4571272548335
6.599999999999947,-57.2958604827,36.0434164375,19.2584470844,0.121212545883,0.523853378833,0.0,-32.8604880449,6.57488282676,-8.82151671821,-0.181612738961,0.0384599950357,0.0,419.447916564412,419.518936097821,419.52759688013145,419.56713631738006
6.659999999999946,-59.3127727858,36.4345775742,18.7032611446,0.111706691495,0.531348398677,0.0,-34.388304911,6.46279791734,-9.69906193218,-0.195789040322,0.0622383514725,0.0,463.3941510465826,465.2615638761603,465.8461075503573,464.7037610799179
6.719999999999945,-61.4244315802,36.8186738176,18.0910118954,0.100287673584,0.549229542224,0.0,-36.0179087258,6.33927741944,-10.7301806288,-0.190599578153,0.0198184018846,0.0,452.40384416276015,448.9752329102741,451.34590989018716,451.7286563662158
6.779999999999943,-63.6372466819,37.1950730826,17.4117671596,0.0899189502578,0.551593662056,0.0,-37.7691594617,6.20713260059,-11.9274921354,-0.180420458654,0.0305532230373,0.0,437.71035639699653,438.6033176570843,438.82760057200863,439.6376992262757
6.839999999999942,-65.9621800551,37.5637017064,16.6594335147,0.0791180236196,0.556796269825,0.0,-39.7578498316,6.08012570472,-13.1717832035,-0.179533843532,0.00920940193428,0.0,467.2194679271038,465.55173064026087,467.1417210994252,467.1812677481313
6.899999999999941,-68.4118944355,37.9245475439,15.8264797595,0.0683421186423,0.55742060528,0.0,-41.9362808011,5.94824062599,-14.6155512701,-0.17974612535,0.0111799847435,0.0,448.51876630949386,448.678730652805,449.4101175903716,449.36213622682675
6.95999999999994,-71.000999356,38.2775640782,14.9032926383,0.0646673446147,0.559097521327,0.0,-44.4098585884,5.81793642314,-16.1849392207,-0.151713020455,0.0210331999775,0.0,463.52942213896335,464.30333421600574,462.4660089483673,464.64329928768154
7.019999999999938,-73.7461841292,38.6224151828,13.8775377028,0.0564349586261,0.567954678254,0.0,-47.1442559011,5.67681212003,-18.0442631887,-0.142623737718,0.0500466268496,0.0,434.7309028799602,437.156829417064,435.97808651596324,436.71604362243505
7.079999999999937,-76.6659026664,38.9587296999,12.7321869433,0.0503270003642,0.571763046081,0.0,-50.2408411472,5.53311261396,-20.1760825659,-0.161011287904,0.0389413701278,0.0,436.1060029584903,435.17827097091293,437.42492736285726,435.86895115109076
7.139999999999936,-79.7876532521,39.2865815964,11.4542293441,0.0417213801551,0.578470193238,0.0,-53.8900564289,5.3953859329,-22.4786899409,-0.150896450168,0.0148082796421,0.0,492.0008532601288,490.21030310799466,490.64507934893874,491.3748347126587
7.1999999999999345,-83.1421467039,39.6060824831,10.0224473464,0.0329531920593,0.580286020218,0.0,-58.0226311341,5.25565156818,-25.3112604472,-0.158073606367,0.0242251850775,0.0,447.210790164671,447.97750350629144,449.3095583013833,448.70508592954053
7.259999999999933,-86.7656891952,39.9174628973,8.40634810464,0.0235481294105,0.584640046741,0.0,-62.8821047292,5.12567751351,-28.6438244307,-0.1559633169,0.00433016246309,0.0,448.64682607528147,447.02769478828446,446.89964932391877,447.048413092058
7.319999999999932,-90.7088322402,40.2215024844,6.57324601138,0.0167884712282,0.586413062384,0.0,-68.7151726619,5.01044993228,-32.5675407463,-0.174862390818,0.0166588428724,0.0,467.79151495555504,468.75092239261056,469.70883559600145,468.21654317855064
7.379999999999931,-95.03695138,40.5190984789,4.47920640059,0.0068170335609,0.588163901107,0.0,-75.7687372022,4.91458861456,-37.3785535562,-0.16807108571,0.00588819497143,0.0,455.3669789919895,454.5040113335505,453.76992876528067,454.28715162225654
7.439999999999929,-99.8353665363,40.8121055188,2.06156294307,6.28147038456,0.595543596302,0.0,-84.4637781624,4.85899671439,-43.4188626029,-0.182973332963,0.0337503029711,0.0,432.58963609075556,434.93074439455546,433.043355910241,431.75753495533553
7.499999999999928,-105.221675717,41.1031940291,0.0,6.27817459323,0.603085468092,0.0,-95.4862307407,4.84823084655,-51.135705845,-0.214561394664,0.0583078452211,0.0,443.2165376056783,445.23242572669926,445.6474329773948,443.0197241836193
